65: 35 126 | 43 104
35: "b"
28: 43 93 | 35 109
81: 35 16 | 43 126
100: 95 35 | 67 43
4: 113 35 | 61 43
93: 43 94 | 35 38
60: 35 108 | 43 102
19: 43 131 | 35 40
110: 43 92 | 35 126
116: 35 43 | 43 63
48: 35 35
82: 68 43 | 49 35
26: 35 58 | 43 24
89: 35 6 | 43 50
47: 90 35 | 65 43
56: 14 35 | 104 43
90: 43 92 | 35 18
43: "a"
94: 39 43 | 75 35
70: 55 43 | 12 35
55: 43 119 | 35 71
84: 7 35 | 76 43
128: 34 35 | 23 43
34: 63 63
105: 35 126 | 43 23
126: 35 43 | 43 43
107: 35 70 | 43 132
63: 35 | 43
27: 35 34 | 43 112
106: 33 43 | 77 35
132: 35 66 | 43 84
5: 92 43 | 48 35
91: 35 118 | 43 1
52: 115 63
37: 35 112 | 43 104
30: 35 59 | 43 14
73: 35 97 | 43 119
130: 35 74 | 43 75
129: 35 18 | 43 48
85: 43 43 | 43 35
29: 34 35
96: 35 127 | 43 3
75: 35 18 | 43 85
58: 101 35 | 36 43
11: 42 31
7: 126 43 | 14 35
59: 35 43
118: 35 126 | 43 18
33: 96 43 | 20 35
16: 43 43
92: 35 43 | 35 35
61: 16 35 | 34 43
111: 114 43 | 123 35
88: 43 26 | 35 19
114: 43 18 | 35 14
103: 65 43 | 128 35
38: 35 56 | 43 50
44: 88 43 | 83 35
76: 43 16 | 35 115
68: 43 13 | 35 69
22: 85 43 | 16 35
8: 42
113: 35 23 | 43 85
124: 15 43 | 47 35
104: 35 43 | 63 35
20: 4 35 | 78 43
49: 35 17 | 43 39
21: 43 48 | 35 104
109: 43 60 | 35 98
1: 43 48 | 35 126
121: 43 79 | 35 28
99: 73 35 | 103 43
42: 43 106 | 35 121
64: 35 118 | 43 81
102: 34 35 | 59 43
62: 35 91 | 43 64
50: 43 23 | 35 48
67: 35 105 | 43 2
83: 99 35 | 82 43
25: 35 41 | 43 117
97: 43 34 | 35 104
46: 43 57 | 35 128
15: 43 27 | 35 32
108: 85 43 | 126 35
10: 43 13 | 35 9
95: 86 43 | 30 35
127: 43 110 | 35 87
77: 43 100 | 35 62
69: 43 59 | 35 126
23: 35 63 | 43 43
54: 35 16 | 43 59
6: 35 104 | 43 112
13: 85 43 | 112 35
78: 29 43 | 128 35
125: 23 35 | 126 43
87: 23 43 | 48 35
40: 37 43 | 86 35
57: 112 43 | 59 35
36: 116 43 | 14 35
3: 43 133 | 35 129
32: 43 59 | 35 92
133: 35 59 | 43 92
39: 43 115 | 35 23
86: 43 16 | 35 112
9: 116 35 | 126 43
74: 115 35 | 126 43
18: 35 43 | 43 35
98: 5 35 | 54 43
66: 122 43 | 53 35
101: 35 115 | 43 23
120: 111 43 | 89 35
71: 59 35 | 59 43
119: 23 35 | 18 43
41: 130 43 | 46 35
24: 125 43 | 45 35
0: 8 11
80: 43 30 | 35 51
14: 35 35 | 43 43
72: 25 43 | 107 35
131: 35 52 | 43 22
122: 104 43 | 18 35
12: 21 43 | 75 35
112: 43 35
31: 43 44 | 35 72
45: 43 16
51: 18 43 | 92 35
2: 112 43 | 126 35
115: 35 35 | 43 35
79: 35 120 | 43 124
53: 85 43 | 59 35
123: 43 23 | 35 85
117: 35 80 | 43 10
17: 43 112 | 35 16
